11	1	-1280	-1024	0.821	0.354	-1.000	-1.000	4	-1280	-1024	0.597	0.346	-1.000	-1.000	4
31	2	-1280	-1024	-1.000	-1.000	-1.000	-1.000	4	-1280	-1024	-1.000	-1.000	-1.000	-1.000	4
51	3	829	629	0.821	0.354	801.303	4.093	0	811	554	0.597	0.345	793.760	3.947	0
71	4	815	670	0.821	0.354	801.303	4.271	0	809	542	0.597	0.345	793.760	3.941	0
91	5	834	585	0.821	0.354	801.303	4.039	0	804	532	0.597	0.345	793.760	3.975	0
111	6	831	587	0.821	0.354	799.224	4.070	0	810	517	0.597	0.345	797.243	3.999	0
150	7	802	575	0.821	0.354	799.224	3.985	0	830	520	0.597	0.345	797.243	3.891	0
152	8	797	550	0.821	0.354	799.224	3.966	0	822	517	0.597	0.345	797.243	3.906	0
171	9	818	600	0.821	0.354	799.224	4.005	0	817	537	0.597	0.346	797.243	3.944	0
191	10	857	603	0.822	0.354	799.224	4.224	0	798	526	0.597	0.346	797.243	3.921	0
211	11	863	604	0.822	0.354	801.378	4.256	0	789	534	0.597	0.346	794.755	3.926	0
231	12	822	586	0.822	0.354	801.378	4.114	0	811	540	0.597	0.346	794.755	3.863	0
250	13	812	574	0.823	0.354	801.378	4.060	0	835	545	0.598	0.345	794.755	3.912	0
290	14	831	587	0.823	0.354	801.378	4.059	0	792	560	0.598	0.345	794.755	3.927	0
310	15	832	553	0.823	0.354	801.378	3.965	0	767	542	0.599	0.345	794.755	3.815	0
330	16	835	553	0.823	0.354	800.490	3.928	0	817	543	0.598	0.345	797.783	3.853	0
350	17	788	556	0.823	0.354	800.490	3.801	0	807	539	0.598	0.345	797.783	3.842	0
370	18	864	590	0.823	0.354	800.490	4.049	0	808	546	0.598	0.345	797.783	3.665	0
390	19	805	536	0.824	0.354	800.490	3.740	0	800	532	0.599	0.345	797.783	3.671	0
410	20	837	592	0.824	0.354	800.490	3.937	0	804	530	0.600	0.345	797.783	3.609	0
430	21	864	573	0.823	0.354	799.524	3.990	0	808	529	0.599	0.345	797.390	3.590	0
450	22	811	587	0.824	0.354	799.524	3.753	0	784	527	0.599	0.345	797.390	3.580	0
470	23	829	624	0.825	0.354	799.524	4.041	0	786	530	0.600	0.345	797.390	3.509	0
490	24	816	518	0.825	0.354	799.524	3.591	0	794	554	0.600	0.345	797.390	3.638	0
510	25	694	522	0.825	0.354	799.524	3.840	0	694	499	0.601	0.345	797.390	3.413	0
530	26	744	520	0.826	0.354	798.591	3.874	0	741	508	0.602	0.345	794.644	3.412	0
550	27	401	568	0.827	0.354	798.591	3.486	0	420	601	0.603	0.345	794.644	3.629	0
569	28	411	599	0.828	0.354	798.591	3.652	0	406	571	0.604	0.345	794.644	3.455	0
589	29	388	570	0.828	0.354	798.591	3.461	0	419	580	0.604	0.345	794.644	3.643	0
609	30	379	598	0.828	0.355	798.591	3.401	0	389	522	0.604	0.345	794.644	3.540	0
629	31	362	581	0.827	0.355	803.991	3.452	0	389	509	0.603	0.345	794.204	3.491	0
649	32	374	574	0.827	0.355	803.991	3.493	0	419	503	0.603	0.346	794.204	3.377	0
669	33	380	583	0.827	0.355	803.991	3.407	0	412	528	0.603	0.346	794.204	3.333	0
689	34	390	571	0.827	0.355	803.991	3.399	0	401	524	0.603	0.346	794.204	3.372	0
709	35	388	576	0.827	0.355	803.991	3.391	0	393	536	0.603	0.346	794.204	3.335	0
729	36	387	585	0.827	0.355	798.415	3.361	0	386	537	0.603	0.346	794.324	3.349	0
749	37	431	479	0.827	0.354	798.415	3.377	0	471	446	0.603	0.345	794.324	3.250	0
769	38	458	351	0.825	0.353	798.415	3.465	0	470	335	0.602	0.344	794.324	3.196	0
789	39	513	301	0.825	0.353	798.415	3.257	0	544	277	0.602	0.344	794.324	3.285	0
809	40	515	311	0.825	0.352	798.415	3.247	0	520	248	0.602	0.344	794.324	3.276	0
829	41	501	311	0.825	0.353	804.176	3.259	0	490	220	0.602	0.343	793.695	3.270	0
849	42	511	293	0.825	0.352	804.176	3.301	0	544	256	0.602	0.343	793.695	3.200	0
869	43	506	304	0.824	0.352	804.176	3.303	0	519	296	0.601	0.343	793.695	3.213	0
888	44	484	289	0.824	0.352	804.176	3.324	0	504	296	0.601	0.343	793.695	3.284	0
908	45	479	255	0.824	0.352	804.176	3.413	0	539	257	0.601	0.343	793.695	3.194	0
928	46	477	263	0.825	0.352	799.886	3.411	0	540	275	0.601	0.343	794.680	3.221	0
948	47	496	320	0.825	0.352	799.886	3.390	0	529	274	0.601	0.344	794.680	3.253	0
968	48	489	293	0.824	0.352	799.886	3.379	0	506	255	0.600	0.344	794.680	3.232	0
988	49	507	279	0.824	0.352	799.886	3.255	0	499	279	0.600	0.344	794.680	3.210	0
1008	50	504	308	0.824	0.352	799.886	3.273	0	495	281	0.600	0.344	794.680	3.143	0
1028	51	498	279	0.823	0.353	805.462	3.315	0	492	272	0.600	0.344	797.488	3.129	0
1048	52	787	482	0.822	0.353	805.462	3.344	0	811	444	0.599	0.345	797.488	3.260	0
1068	53	778	498	0.821	0.354	805.462	3.442	0	811	432	0.598	0.345	797.488	3.266	0
1088	54	778	478	0.821	0.354	805.462	3.409	0	781	455	0.598	0.345	797.488	3.199	0
1108	55	794	503	0.822	0.354	805.462	3.473	0	773	447	0.598	0.345	797.488	3.370	0
1128	56	796	506	0.822	0.354	800.753	3.452	0	762	452	0.599	0.345	794.596	3.354	0
1148	57	772	452	0.823	0.353	800.753	3.408	0	803	427	0.599	0.345	794.596	3.314	0
1168	58	766	494	0.823	0.353	800.753	3.532	0	818	420	0.600	0.345	794.596	3.221	0
1187	59	812	494	0.824	0.353	800.753	3.549	0	818	401	0.600	0.345	794.596	3.176	0
1207	60	784	467	0.824	0.353	800.753	3.452	0	805	436	0.600	0.344	794.596	3.252	0
1227	61	807	485	0.823	0.353	802.859	3.531	0	801	426	0.599	0.344	795.995	3.252	0
1247	62	815	479	0.823	0.353	802.859	3.507	0	794	420	0.599	0.345	795.995	3.249	0
1267	63	790	456	0.824	0.353	802.859	3.556	0	799	405	0.600	0.345	795.995	3.277	0
1287	64	786	488	0.824	0.353	802.859	3.509	0	801	408	0.600	0.345	795.995	3.193	0
1307	65	802	524	0.824	0.353	802.859	3.559	0	790	445	0.600	0.345	795.995	3.249	0
1327	66	803	525	0.823	0.354	802.097	3.541	0	788	441	0.599	0.345	795.737	3.240	0
1347	67	762	484	0.823	0.353	802.097	3.570	0	793	440	0.599	0.345	795.737	3.309	0
1367	68	799	481	0.824	0.353	802.097	3.461	0	814	437	0.600	0.345	795.737	3.323	0
1387	69	773	453	0.824	0.353	802.097	3.475	0	825	402	0.600	0.345	795.737	3.313	0
1407	70	778	464	0.824	0.353	802.097	3.596	0	782	465	0.600	0.345	795.737	3.450	0
1427	71	780	450	0.823	0.353	804.929	3.560	0	775	460	0.599	0.345	793.973	3.459	0
1447	72	807	528	0.823	0.353	804.929	3.690	0	816	437	0.599	0.345	793.973	3.300	0
1467	73	780	438	0.824	0.353	804.929	3.580	0	822	433	0.600	0.345	793.973	3.287	0
1487	74	817	451	0.824	0.353	804.929	3.576	0	807	402	0.600	0.345	793.973	3.316	0
1506	75	783	446	0.824	0.353	804.929	3.559	0	816	457	0.600	0.344	793.973	3.399	0
1526	76	795	450	0.823	0.353	806.396	3.557	0	809	446	0.599	0.344	795.439	3.415	0
1546	77	820	445	0.823	0.353	806.396	3.433	0	816	413	0.599	0.345	795.439	3.306	0
1566	78	813	437	0.823	0.353	806.396	3.454	0	797	435	0.599	0.345	795.439	3.312	0
1586	79	787	445	0.823	0.353	806.396	3.467	0	782	446	0.599	0.345	795.439	3.304	0
1606	80	810	450	0.823	0.353	806.396	3.477	0	807	447	0.598	0.344	795.439	3.269	0
1626	81	799	445	0.823	0.353	808.127	3.494	0	802	432	0.598	0.344	804.058	3.302	0
1646	82	739	355	0.823	0.351	808.127	3.641	0	-1280	-1024	0.823	0.351	-1.000	-1.000	4
1666	83	690	397	0.824	0.351	808.127	3.804	0	-1280	-1024	0.824	0.351	-1.000	-1.000	4
1686	84	689	311	0.824	0.351	808.127	3.954	0	-1280	-1024	0.824	0.351	-1.000	-1.000	4
1706	85	699	329	0.824	0.352	808.127	4.065	0	-1280	-1024	0.824	0.352	-1.000	-1.000	4
1726	86	708	337	0.823	0.352	801.441	4.143	0	-1280	-1024	0.598	0.343	-1.000	-1.000	4
1746	87	674	487	0.823	0.351	801.441	3.333	0	675	408	0.598	0.343	787.140	3.443	0
1766	88	706	439	0.823	0.351	801.441	3.485	0	675	375	0.599	0.343	787.140	3.757	0
1786	89	695	433	0.823	0.351	801.441	3.345	0	668	394	0.598	0.343	787.140	3.718	0
1806	90	671	439	0.823	0.351	801.441	3.453	0	664	434	0.598	0.343	787.140	3.962	0
1825	91	655	436	0.822	0.351	801.765	3.396	0	657	400	0.598	0.343	800.883	4.087	0
1845	92	643	477	0.822	0.351	801.765	3.505	0	679	471	0.598	0.343	800.883	3.479	0
1865	93	683	470	0.823	0.352	801.765	3.450	0	691	483	0.598	0.343	800.883	3.423	0
1885	94	703	461	0.823	0.352	801.765	3.381	0	679	448	0.598	0.343	800.883	3.419	0
1905	95	687	455	0.823	0.352	801.765	3.448	0	677	471	0.598	0.343	800.883	3.312	0
1925	96	695	447	0.822	0.352	802.541	3.427	0	675	475	0.598	0.343	796.699	3.257	0
1945	97	671	445	0.822	0.351	802.541	3.673	0	690	449	0.598	0.343	796.699	3.287	0
1965	98	665	472	0.823	0.351	802.541	3.590	0	685	457	0.599	0.343	796.699	3.367	0
1985	99	681	474	0.823	0.351	802.541	3.508	0	699	472	0.599	0.343	796.699	3.482	0
2005	100	664	468	0.823	0.351	802.541	3.539	0	702	444	0.599	0.343	796.699	3.353	0
2025	101	670	469	0.823	0.351	801.636	3.491	0	705	462	0.598	0.343	790.674	3.361	0
2045	102	678	508	0.823	0.351	801.636	3.575	0	704	451	0.598	0.343	790.674	3.411	0
2065	103	680	506	0.823	0.352	801.636	3.568	0	693	452	0.599	0.343	790.674	3.446	0
2085	104	685	479	0.824	0.352	801.636	3.597	0	673	475	0.599	0.343	790.674	3.436	0
2105	105	707	491	0.824	0.352	801.636	3.797	0	684	476	0.599	0.343	790.674	3.479	0
2125	106	717	481	0.823	0.352	801.851	3.820	0	675	476	0.599	0.343	791.902	3.492	0
2144	107	690	476	0.823	0.352	801.851	3.635	0	716	456	0.599	0.343	791.902	3.443	0
2164	108	678	479	0.824	0.352	801.851	3.557	0	704	486	0.600	0.343	791.902	3.537	0
2184	109	652	493	0.824	0.352	801.851	3.608	0	682	452	0.600	0.343	791.902	3.421	0
2204	110	679	501	0.824	0.351	801.851	3.572	0	689	454	0.600	0.343	791.902	3.445	0
2224	111	670	506	0.824	0.351	803.372	3.601	0	696	459	0.600	0.343	792.569	3.466	0
2244	112	663	451	0.824	0.351	803.372	3.464	0	703	457	0.600	0.343	792.569	3.330	0
2264	113	685	480	0.825	0.352	803.372	3.445	0	688	455	0.601	0.343	792.569	3.404	0
2284	114	659	458	0.825	0.352	803.372	3.558	0	690	456	0.601	0.343	792.569	3.391	0
2304	115	680	453	0.825	0.352	803.372	3.519	0	694	477	0.601	0.343	792.569	3.476	0
2324	116	673	466	0.824	0.352	800.563	3.531	0	697	475	0.600	0.343	794.416	3.503	0
2344	117	691	444	0.824	0.352	800.563	3.432	0	695	460	0.600	0.343	794.416	3.313	0
2364	118	713	519	0.825	0.352	800.563	3.565	0	717	460	0.601	0.343	794.416	3.355	0
2384	119	693	447	0.825	0.352	800.563	3.564	0	689	465	0.601	0.343	794.416	3.271	0
2404	120	668	485	0.825	0.352	800.563	3.460	0	699	448	0.601	0.343	794.416	3.272	0
2424	121	648	503	0.824	0.352	804.367	3.544	0	684	451	0.600	0.343	793.076	3.267	0
2444	122	406	291	0.825	0.350	804.367	3.443	0	455	313	0.602	0.341	793.076	3.281	0
2463	123	190	138	0.827	0.349	804.367	3.494	0	264	197	0.605	0.340	793.076	3.337	0
2483	124	185	118	0.827	0.349	804.367	3.312	0	220	121	0.605	0.340	793.076	3.272	0
2503	125	158	126	0.827	0.349	804.367	3.293	0	228	111	0.605	0.340	793.076	3.316	0
2523	126	151	122	0.826	0.349	801.801	3.264	0	236	101	0.604	0.340	792.857	3.286	0
2543	127	163	152	0.826	0.349	801.801	3.335	0	221	106	0.603	0.340	792.857	3.403	0
2563	128	163	143	0.825	0.349	801.801	3.254	0	211	100	0.603	0.340	792.857	3.322	0
2583	129	162	114	0.825	0.349	801.801	3.309	0	200	94	0.602	0.340	792.857	3.383	0
2603	130	175	119	0.825	0.348	801.801	3.232	0	206	108	0.602	0.340	792.857	3.376	0
2623	131	183	135	0.826	0.349	797.194	3.224	0	201	107	0.603	0.340	791.287	3.362	0
2643	132	183	125	0.826	0.348	797.194	3.328	0	202	106	0.603	0.340	791.287	3.209	0
2663	133	191	135	0.826	0.349	797.194	3.202	0	196	111	0.603	0.340	791.287	3.318	0
2683	134	176	143	0.826	0.349	797.194	3.230	0	211	125	0.603	0.340	791.287	3.243	0
2703	135	158	142	0.826	0.349	797.194	3.303	0	209	105	0.603	0.340	791.287	3.283	0
2723	136	153	134	0.827	0.349	799.927	3.256	0	210	114	0.604	0.340	789.942	3.240	0
2743	137	158	131	0.827	0.349	799.927	3.358	0	209	95	0.604	0.340	789.942	3.245	0
2763	138	152	121	0.827	0.349	799.927	3.340	0	202	121	0.604	0.340	789.942	3.269	0
2782	139	172	135	0.827	0.349	799.927	3.324	0	205	104	0.604	0.340	789.942	3.265	0
2802	140	159	152	0.828	0.349	799.927	3.359	0	205	107	0.605	0.340	789.942	3.262	0
2822	141	163	150	0.828	0.349	800.706	3.348	0	200	98	0.605	0.340	794.623	3.278	0
2842	142	257	106	0.827	0.349	800.706	3.396	0	299	30	0.605	0.340	794.623	3.356	0
2862	143	325	37	0.827	0.349	800.706	3.400	0	389	23	0.605	0.340	794.623	3.243	0
2882	144	353	38	0.827	0.349	800.706	3.284	0	398	37	0.605	0.340	794.623	3.216	0
2902	145	327	31	0.827	0.349	800.706	3.425	0	382	41	0.605	0.340	794.623	3.268	0
2922	146	334	15	0.828	0.349	805.944	3.422	0	381	22	0.605	0.340	800.857	3.293	0
2942	147	339	33	0.828	0.350	805.944	3.457	0	372	22	0.606	0.340	800.857	3.245	0
2962	148	334	25	0.828	0.350	805.944	3.396	0	416	26	0.606	0.340	800.857	3.253	0
2982	149	335	12	0.829	0.350	805.944	3.438	0	388	-9	0.607	0.341	800.857	3.294	0
3002	150	336	-3	0.829	0.350	805.944	3.477	0	414	30	0.607	0.341	800.857	3.265	0
3022	151	334	-16	0.829	0.350	806.964	3.463	0	403	22	0.607	0.341	801.190	3.283	0
3042	152	343	31	0.829	0.351	806.964	3.405	0	402	42	0.607	0.341	801.190	3.292	0
3062	153	346	28	0.830	0.351	806.964	3.435	0	405	24	0.608	0.341	801.190	3.298	0
3082	154	351	29	0.830	0.351	806.964	3.387	0	398	38	0.608	0.341	801.190	3.223	0
3101	155	357	28	0.830	0.351	806.964	3.367	0	402	37	0.608	0.341	801.190	3.239	0
3121	156	358	27	0.830	0.351	807.536	3.370	0	403	35	0.607	0.341	801.337	3.257	0
3141	157	344	22	0.830	0.350	807.536	3.420	0	400	43	0.607	0.341	801.337	3.319	0
3161	158	348	-10	0.829	0.350	807.536	3.423	0	387	-6	0.607	0.341	801.337	3.334	0
3181	159	353	22	0.829	0.350	807.536	3.384	0	377	16	0.607	0.340	801.337	3.317	0
3201	160	356	1	0.829	0.350	807.536	3.471	0	378	21	0.607	0.340	801.337	3.318	0
3221	161	361	21	0.829	0.349	805.416	3.458	0	381	29	0.607	0.340	800.970	3.316	0
3241	162	357	29	0.829	0.349	805.416	3.425	0	380	14	0.607	0.340	800.970	3.362	0
3261	163	342	21	0.829	0.349	805.416	3.455	0	383	27	0.607	0.339	800.970	3.401	0
3281	164	339	23	0.829	0.348	805.416	3.417	0	403	30	0.607	0.339	800.970	3.340	0
3301	165	369	40	0.829	0.348	805.416	3.465	0	390	92	0.606	0.338	800.970	3.322	0
3321	166	-1280	-1024	-1.000	-1.000	-1.000	-1.000	4	-1280	-1024	-1.000	-1.000	-1.000	-1.000	4
3341	167	-1280	-1024	-1.000	-1.000	-1.000	-1.000	4	-1280	-1024	-1.000	-1.000	-1.000	-1.000	4
3361	168	-1280	-1024	-1.000	-1.000	-1.000	-1.000	4	-1280	-1024	-1.000	-1.000	-1.000	-1.000	4
3381	169	-1280	-1024	0.830	0.347	-1.000	-1.000	4	-1280	-1024	0.609	0.336	-1.000	-1.000	4
3401	170	-38	-209	0.830	0.346	800.494	4.146	0	76	-71	0.609	0.335	802.571	3.793	0
3421	171	12	47	0.830	0.346	800.494	3.362	0	101	-68	0.608	0.334	802.571	3.833	0
3440	172	-1280	-1024	-1.000	-1.000	-1.000	-1.000	4	-1280	-1024	-1.000	-1.000	-1.000	-1.000	4
3460	173	30	28	0.829	0.344	800.494	3.479	0	83	43	0.608	0.331	802.571	3.369	0
3480	174	35	18	0.829	0.343	800.921	3.539	0	94	69	0.607	0.330	802.522	3.288	0
3500	175	20	48	0.829	0.341	800.921	3.450	0	58	23	0.607	0.328	802.522	3.428	0
3520	176	15	47	0.828	0.340	800.921	3.511	0	63	22	0.607	0.326	802.522	3.419	0
3540	177	31	49	0.828	0.338	800.921	3.452	0	66	25	0.607	0.325	802.522	3.420	0
3560	178	40	68	0.827	0.337	800.921	3.485	0	85	36	0.607	0.323	802.522	3.449	0
3580	179	38	57	0.827	0.335	805.678	3.525	0	88	29	0.606	0.321	805.675	3.460	0
3600	180	40	67	0.825	0.333	805.678	3.557	0	73	53	0.606	0.319	805.675	3.417	0
3620	181	13	87	0.824	0.332	805.678	3.518	0	78	19	0.605	0.318	805.675	3.398	0
3640	182	39	82	0.823	0.330	805.678	3.562	0	84	44	0.604	0.316	805.675	3.471	0
3660	183	48	97	0.822	0.329	805.678	3.565	0	90	27	0.603	0.316	805.675	3.488	0
3680	184	35	72	0.821	0.329	816.056	3.602	0	88	16	0.602	0.316	813.337	3.537	0
3700	185	50	68	0.820	0.330	816.056	3.634	0	80	21	0.602	0.317	813.337	3.540	0
3720	186	23	79	0.819	0.332	816.056	3.606	0	100	18	0.601	0.319	813.337	3.487	0
3740	187	82	110	0.817	0.335	816.056	3.607	0	126	54	0.601	0.321	813.337	3.528	0
3759	188	106	104	0.816	0.338	816.056	3.598	0	115	59	0.600	0.324	813.337	3.489	0
3779	189	104	55	0.815	0.342	833.427	3.671	0	96	38	0.600	0.328	823.146	3.545	0
3799	190	77	94	0.814	0.346	833.427	3.655	0	116	60	0.600	0.331	823.146	3.604	0
3819	191	85	101	0.813	0.349	833.427	3.636	0	126	55	0.600	0.334	823.146	3.398	0
3839	192	85	88	0.812	0.353	833.427	3.653	0	137	57	0.600	0.337	823.146	3.437	0
3859	193	110	129	0.811	0.356	833.427	3.555	0	136	84	0.600	0.339	823.146	3.471	0
3879	194	98	88	0.810	0.359	852.146	3.620	0	123	47	0.600	0.342	837.367	3.565	0
3899	195	-1280	-1024	0.600	0.344	-1.000	-1.000	4	144	85	0.600	0.344	837.367	3.448	0
3919	196	204	83	0.808	0.365	852.146	3.670	0	272	50	0.599	0.346	837.367	3.475	0
3939	197	288	102	0.806	0.366	852.146	3.584	0	329	53	0.599	0.346	837.367	3.535	0
3959	198	294	94	0.806	0.368	852.146	3.558	0	350	64	0.600	0.347	837.367	3.399	0
3979	199	279	59	0.806	0.369	871.342	3.612	0	353	10	0.600	0.348	860.210	3.516	0
3999	200	258	87	0.806	0.372	871.342	3.710	0	331	5	0.600	0.350	860.210	3.465	0
4019	201	284	70	0.805	0.375	871.342	3.661	0	317	38	0.601	0.353	860.210	3.541	0
4039	202	285	59	0.805	0.378	871.342	3.674	0	329	51	0.601	0.356	860.210	3.530	0
4059	203	291	76	0.804	0.382	871.342	3.647	0	332	26	0.601	0.359	860.210	3.503	0
4078	204	287	55	0.804	0.385	879.948	3.683	0	323	23	0.601	0.363	869.518	3.579	0
4098	205	288	52	0.803	0.388	879.948	3.706	0	331	33	0.601	0.366	869.518	3.546	0
4118	206	274	86	0.803	0.392	879.948	3.623	0	311	19	0.601	0.370	869.518	3.470	0
4138	207	307	80	0.803	0.395	879.948	3.622	0	347	8	0.601	0.373	869.518	3.584	0
4158	208	306	116	0.802	0.398	879.948	3.666	0	367	38	0.600	0.377	869.518	3.504	0
4178	209	304	101	0.802	0.401	889.895	3.661	0	364	0	0.600	0.380	880.881	3.536	0
4198	210	286	40	0.802	0.403	889.895	3.759	0	347	-3	0.600	0.383	880.881	3.692	0
4218	211	301	115	0.801	0.405	889.895	3.790	0	346	5	0.600	0.385	880.881	3.562	0
4238	212	291	94	0.801	0.407	889.895	3.792	0	357	39	0.600	0.387	880.881	3.560	0
4258	213	310	99	0.801	0.408	889.895	3.683	0	348	21	0.601	0.388	880.881	3.578	0
4278	214	308	92	0.801	0.408	895.590	3.716	0	352	42	0.601	0.388	878.974	3.575	0
4298	215	306	50	0.801	0.408	895.590	3.836	0	343	46	0.600	0.388	878.974	3.675	0
4318	216	320	52	0.801	0.407	895.590	3.915	0	345	31	0.600	0.387	878.974	3.599	0
4338	217	295	56	0.801	0.406	895.590	3.804	0	373	39	0.600	0.386	878.974	3.617	0
4358	218	307	72	0.801	0.405	895.590	3.646	0	330	14	0.600	0.385	878.974	3.605	0
4378	219	306	51	0.802	0.404	906.700	3.687	0	339	18	0.601	0.385	876.101	3.602	0
4397	220	-1280	-1024	0.602	0.383	-1.000	-1.000	4	152	15	0.602	0.383	876.101	3.677	0
4417	221	-1280	-1024	0.603	0.383	-1.000	-1.000	4	136	71	0.603	0.383	876.101	3.690	0
4437	222	76	29	0.805	0.403	906.193	3.959	0	129	80	0.604	0.382	876.101	3.665	0
4457	223	90	63	0.807	0.403	907.809	3.847	0	127	27	0.606	0.382	876.101	3.659	0
4477	224	109	115	0.809	0.403	884.873	3.751	0	127	68	0.607	0.382	872.182	3.637	0
4497	225	94	112	0.811	0.403	884.873	3.793	0	133	41	0.609	0.381	872.182	3.668	0
4517	226	88	70	0.812	0.403	884.873	3.902	0	117	32	0.610	0.381	872.182	3.657	0
4537	227	95	86	0.814	0.403	884.873	3.853	0	143	50	0.612	0.380	872.182	3.590	0
4557	228	109	92	0.815	0.402	884.873	3.757	0	136	56	0.613	0.380	872.182	3.661	0
4577	229	112	100	0.816	0.402	883.337	3.789	0	136	64	0.613	0.379	869.676	3.630	0
4597	230	-1280	-1024	0.614	0.377	-1.000	-1.000	4	85	39	0.614	0.377	869.676	3.711	0
4617	231	16	55	0.817	0.400	883.337	3.796	0	74	13	0.614	0.376	869.676	3.743	0
4637	232	39	81	0.817	0.399	883.337	4.029	0	86	42	0.614	0.375	869.676	3.761	0
4657	233	34	85	0.817	0.398	883.337	3.838	0	87	29	0.614	0.375	869.676	3.718	0
4677	234	33	95	0.816	0.397	880.426	3.917	0	88	32	0.613	0.375	866.141	3.724	0
4697	235	47	84	0.816	0.397	880.426	3.811	0	95	36	0.613	0.374	866.141	3.647	0
4716	236	49	96	0.816	0.396	880.426	3.721	0	77	62	0.613	0.374	866.141	3.688	0
4736	237	54	80	0.816	0.396	880.426	3.831	0	78	34	0.612	0.374	866.141	3.638	0
4756	238	30	108	0.816	0.395	880.426	3.874	0	106	91	0.612	0.373	866.141	3.796	0
4776	239	37	122	0.816	0.395	873.854	3.834	0	105	104	0.612	0.373	860.736	3.793	0
4796	240	37	91	0.816	0.394	873.854	3.855	0	88	41	0.612	0.372	860.736	3.701	0
4816	241	17	100	0.816	0.394	873.854	3.840	0	79	62	0.611	0.372	860.736	3.674	0
4836	242	42	87	0.816	0.393	873.854	3.824	0	84	50	0.611	0.372	860.736	3.767	0
4856	243	23	83	0.816	0.393	873.854	3.940	0	86	58	0.611	0.372	860.736	3.743	0
4876	244	40	92	0.816	0.392	869.990	3.918	0	82	52	0.611	0.371	860.886	3.757	0
4896	245	224	91	0.815	0.392	869.990	3.851	0	290	38	0.610	0.371	860.886	3.718	0
4916	246	234	65	0.815	0.391	869.990	3.976	0	287	62	0.610	0.370	860.886	3.722	0
4936	247	249	68	0.814	0.391	869.990	3.872	0	296	30	0.609	0.369	860.886	3.715	0
4956	248	250	86	0.814	0.390	869.990	3.909	0	289	51	0.608	0.369	860.886	3.702	0
4976	249	253	85	0.813	0.390	865.020	3.928	0	291	52	0.607	0.368	862.459	3.708	0
4996	250	249	54	0.812	0.389	865.020	3.920	0	296	35	0.607	0.368	862.459	3.691	0
5015	251	247	119	0.812	0.389	865.020	3.911	0	298	31	0.606	0.369	862.459	3.712	0
5035	252	234	82	0.811	0.389	865.020	3.903	0	280	2	0.605	0.369	862.459	3.736	0
5055	253	240	69	0.811	0.389	865.020	3.899	0	299	41	0.604	0.369	862.459	3.695	0
5075	254	236	86	0.810	0.389	868.575	3.911	0	294	38	0.604	0.369	860.273	3.702	0
5095	255	292	70	0.810	0.388	868.575	3.914	0	337	14	0.603	0.369	860.273	3.735	0
5115	256	304	78	0.809	0.388	868.575	3.970	0	365	52	0.603	0.369	860.273	3.782	0
5135	257	301	81	0.809	0.388	868.575	3.915	0	334	32	0.603	0.369	860.273	3.847	0
5155	258	307	75	0.809	0.388	868.575	3.985	0	356	47	0.602	0.369	860.273	3.756	0
5175	259	312	84	0.809	0.388	864.992	3.956	0	346	42	0.602	0.369	858.942	3.792	0
5195	260	297	69	0.808	0.388	864.992	3.919	0	352	22	0.601	0.369	858.942	3.801	0
5215	261	290	83	0.808	0.388	864.992	3.982	0	340	41	0.601	0.370	858.942	3.751	0
5235	262	320	94	0.808	0.388	864.992	3.856	0	330	39	0.600	0.369	858.942	3.825	0
5255	263	306	62	0.807	0.388	864.992	3.881	0	362	43	0.600	0.369	858.942	3.798	0
5275	264	304	80	0.807	0.388	861.356	3.862	0	354	42	0.600	0.369	858.605	3.789	0
5295	265	75	96	0.807	0.388	861.356	3.913	0	142	75	0.600	0.370	858.605	3.791	0
5315	266	103	77	0.807	0.388	861.356	3.864	0	160	33	0.600	0.370	858.605	3.785	0
5335	267	92	76	0.806	0.388	861.356	3.945	0	131	64	0.599	0.370	858.605	3.835	0
5354	268	80	93	0.806	0.388	861.356	3.845	0	139	43	0.599	0.370	858.605	3.852	0
5374	269	93	89	0.805	0.388	859.012	3.855	0	150	85	0.598	0.370	847.001	3.817	0
5394	270	96	129	0.805	0.387	859.012	3.874	0	127	79	0.597	0.370	847.001	3.697	0
5414	271	90	109	0.805	0.387	859.012	3.806	0	147	106	0.597	0.370	847.001	3.758	0
5434	272	83	87	0.804	0.386	859.012	3.799	0	140	85	0.597	0.369	847.001	3.714	0
5454	273	90	128	0.804	0.386	859.012	3.745	0	142	87	0.597	0.369	847.001	3.705	0
5474	274	90	114	0.804	0.386	858.508	3.720	0	137	85	0.597	0.369	848.290	3.731	0
5494	275	135	81	0.804	0.385	858.508	3.820	0	180	61	0.597	0.369	848.290	3.743	0
5514	276	162	74	0.804	0.385	858.508	3.921	0	210	84	0.597	0.369	848.290	3.637	0
5534	277	172	102	0.805	0.385	858.508	3.700	0	212	41	0.597	0.369	848.290	3.690	0
5554	278	184	114	0.806	0.385	858.508	3.735	0	220	76	0.598	0.369	848.290	3.735	0
5574	279	193	118	0.806	0.386	859.471	3.728	0	221	68	0.598	0.369	851.700	3.709	0
5594	280	183	83	0.807	0.386	859.471	3.809	0	213	43	0.599	0.370	851.700	3.694	0
5614	281	153	101	0.807	0.387	859.471	3.815	0	222	67	0.599	0.370	851.700	3.690	0
5634	282	196	102	0.808	0.387	859.471	3.793	0	234	46	0.600	0.370	851.700	3.586	0
5653	283	164	95	0.808	0.387	859.471	3.802	0	231	59	0.600	0.371	851.700	3.702	0
5673	284	161	96	0.808	0.387	857.899	3.792	0	229	55	0.600	0.371	849.319	3.665	0
5693	285	183	112	0.808	0.387	857.899	3.736	0	225	76	0.600	0.371	849.319	3.690	0
5713	286	168	89	0.809	0.387	857.899	3.750	0	206	66	0.600	0.371	849.319	3.589	0
5733	287	172	110	0.809	0.387	857.899	3.803	0	225	86	0.600	0.371	849.319	3.701	0
5753	288	176	114	0.809	0.387	857.899	3.751	0	214	76	0.600	0.371	849.319	3.672	0
5773	289	177	104	0.808	0.387	859.768	3.777	0	208	78	0.600	0.371	848.365	3.644	0
5793	290	186	83	0.808	0.387	859.768	3.824	0	218	61	0.600	0.371	848.365	3.604	0
5813	291	204	87	0.808	0.387	859.768	3.841	0	222	77	0.600	0.371	848.365	3.689	0
5833	292	175	80	0.808	0.387	859.768	3.831	0	235	85	0.600	0.371	848.365	3.673	0
5853	293	177	68	0.808	0.387	859.768	3.809	0	218	56	0.600	0.371	848.365	3.633	0
5873	294	175	68	0.808	0.387	859.062	3.811	0	221	62	0.600	0.371	849.900	3.681	0
5893	295	169	74	0.808	0.387	859.062	3.812	0	212	66	0.600	0.372	849.900	3.716	0
5913	296	166	94	0.808	0.387	859.062	3.781	0	220	40	0.599	0.372	849.900	3.752	0
5933	297	167	97	0.808	0.387	859.062	3.834	0	234	80	0.599	0.372	849.900	3.772	0
5953	298	167	98	0.808	0.387	859.062	3.869	0	227	51	0.600	0.373	849.900	3.719	0
5972	299	169	101	0.808	0.387	857.919	3.866	0	222	49	0.600	0.373	848.721	3.737	0
5992	300	178	99	0.809	0.387	857.919	3.878	0	217	80	0.600	0.373	848.721	3.771	0
6012	301	162	87	0.809	0.388	857.919	3.895	0	224	55	0.601	0.373	848.721	3.730	0
6032	302	178	104	0.810	0.388	857.919	3.787	0	251	58	0.601	0.373	848.721	3.665	0
6052	303	138	173	0.810	0.388	857.919	3.731	0	146	107	0.602	0.374	848.721	3.676	0
6072	304	134	183	0.811	0.388	855.758	3.690	0	151	101	0.603	0.373	847.634	3.682	0
6092	305	131	156	0.811	0.388	855.758	3.876	0	165	118	0.603	0.373	847.634	3.701	0
6112	306	113	150	0.811	0.388	855.758	3.800	0	180	87	0.603	0.373	847.634	3.750	0
6132	307	119	145	0.812	0.388	855.758	3.811	0	164	91	0.603	0.372	847.634	3.798	0
6152	308	123	162	0.812	0.387	855.758	3.808	0	146	129	0.603	0.372	847.634	3.785	0
6172	309	126	163	0.812	0.388	853.961	3.798	0	151	118	0.604	0.372	846.304	3.767	0
6192	310	135	150	0.812	0.388	853.961	3.788	0	160	143	0.604	0.372	846.304	3.747	0
6212	311	182	190	0.812	0.388	853.961	3.813	0	219	160	0.603	0.372	846.304	3.692	0
6232	312	189	209	0.811	0.388	853.961	3.769	0	245	147	0.603	0.372	846.304	3.790	0
6252	313	168	209	0.811	0.388	853.961	3.871	0	231	163	0.603	0.373	846.304	3.789	0
6272	314	168	203	0.811	0.389	856.778	3.892	0	239	158	0.603	0.373	847.311	3.792	0
6291	315	188	187	0.811	0.389	856.778	3.858	0	222	169	0.603	0.373	847.311	3.728	0
6311	316	185	206	0.811	0.388	856.778	3.860	0	228	185	0.603	0.373	847.311	3.818	0
6331	317	192	189	0.811	0.388	856.778	3.851	0	225	155	0.602	0.373	847.311	3.732	0
6351	318	168	176	0.812	0.388	856.778	3.895	0	229	178	0.603	0.373	847.311	3.853	0
6371	319	173	187	0.812	0.388	853.637	3.883	0	227	179	0.603	0.373	847.667	3.837	0
6391	320	224	229	0.812	0.387	853.637	3.815	0	220	159	0.603	0.372	847.667	3.804	0
6411	321	205	206	0.812	0.387	853.637	3.832	0	224	168	0.603	0.372	847.667	3.784	0
6431	322	218	296	0.812	0.388	853.637	3.864	0	269	233	0.603	0.373	847.667	3.914	0
6451	323	323	449	0.811	0.389	853.637	3.824	0	357	474	0.603	0.374	847.667	3.913	0
6471	324	322	477	0.810	0.390	855.248	3.848	0	378	513	0.603	0.375	852.944	3.936	0
6491	325	345	644	0.811	0.391	855.248	3.910	0	333	687	0.603	0.375	852.944	4.207	0
6511	326	329	667	0.811	0.391	855.248	3.930	0	292	649	0.602	0.375	852.944	4.167	0
6531	327	329	652	0.810	0.391	855.248	3.891	0	292	668	0.601	0.375	852.944	4.184	0
6551	328	332	698	0.810	0.391	855.248	4.062	0	334	632	0.601	0.375	852.944	3.990	0
6571	329	334	706	0.811	0.391	853.201	4.065	0	374	637	0.602	0.375	850.393	3.944	0
6590	330	330	682	0.810	0.391	853.201	3.994	0	298	688	0.601	0.375	850.393	4.346	0
6610	331	303	653	0.809	0.391	853.201	3.952	0	330	659	0.600	0.375	850.393	4.078	0
6630	332	357	678	0.808	0.391	853.201	4.051	0	320	635	0.599	0.375	850.393	4.084	0
6650	333	339	660	0.808	0.391	853.201	3.897	0	350	611	0.598	0.375	850.393	3.972	0
6670	334	322	670	0.808	0.390	854.023	3.915	0	353	586	0.599	0.375	850.994	3.942	0
6690	335	296	676	0.808	0.390	854.023	3.906	0	330	618	0.598	0.375	850.994	3.979	0
6710	336	577	654	0.806	0.390	854.023	3.802	0	614	636	0.597	0.375	850.994	3.901	0
6730	337	842	666	0.804	0.390	854.023	3.963	0	847	589	0.595	0.375	850.994	3.812	0
6750	338	1031	596	0.800	0.390	854.023	3.866	0	1028	612	0.592	0.376	850.994	3.838	0
6770	339	953	585	0.801	0.390	856.205	3.860	0	948	611	0.592	0.376	851.379	3.867	0
6790	340	993	622	0.801	0.390	856.205	3.833	0	1018	571	0.591	0.376	851.379	3.835	0
6810	341	1010	579	0.800	0.390	856.205	3.834	0	1003	554	0.590	0.376	851.379	3.806	0
6830	342	997	635	0.799	0.390	856.205	3.884	0	996	573	0.590	0.377	851.379	3.696	0
6850	343	478	682	0.799	0.390	856.205	6.339	0	-1280	-1024	0.799	0.390	-1.000	-1.000	4
6870	344	446	682	0.798	0.389	853.418	6.540	0	-1280	-1024	0.588	0.377	-1.000	-1.000	4
6890	345	997	625	0.798	0.389	853.418	3.873	0	1008	553	0.587	0.377	850.980	3.851	0
6910	346	994	649	0.798	0.389	853.418	3.834	0	989	592	0.588	0.377	850.980	3.801	0
6929	347	1004	656	0.798	0.389	853.418	3.893	0	972	603	0.587	0.377	850.980	3.693	0
6949	348	994	573	0.797	0.389	853.418	3.746	0	983	598	0.586	0.377	850.980	3.854	0
6969	349	993	584	0.795	0.388	852.501	3.727	0	974	603	0.584	0.377	851.148	3.803	0
6989	350	967	325	0.794	0.387	852.501	3.727	0	1011	350	0.584	0.376	851.148	3.745	0
7009	351	893	164	0.794	0.385	852.501	3.733	0	927	151	0.584	0.375	851.148	3.673	0
7029	352	823	132	0.794	0.384	852.501	3.802	0	839	91	0.584	0.374	851.148	3.707	0
7049	353	822	118	0.794	0.384	852.501	3.712	0	847	59	0.584	0.374	851.148	3.638	0
7069	354	822	98	0.794	0.383	855.122	3.743	0	852	41	0.583	0.374	845.770	3.615	0
7089	355	493	160	0.794	0.383	855.122	6.204	0	-1280	-1024	0.794	0.383	-1.000	-1.000	4
7109	356	-1280	-1024	0.583	0.374	-1.000	-1.000	4	829	72	0.583	0.374	845.770	3.877	0
7129	357	801	80	0.795	0.382	855.122	3.740	0	819	114	0.583	0.374	845.770	3.700	0
7149	358	820	76	0.795	0.382	855.122	4.019	0	828	107	0.584	0.374	845.770	3.630	0
7169	359	822	88	0.794	0.383	849.993	3.995	0	825	108	0.583	0.374	843.176	3.551	0
7189	360	583	12	0.796	0.382	849.993	3.881	0	702	-10	0.585	0.373	843.176	3.751	0
7209	361	404	48	0.798	0.382	849.993	3.792	0	454	50	0.587	0.374	843.176	3.701	0
7228	362	277	36	0.799	0.383	849.993	3.685	0	324	97	0.588	0.374	843.176	3.767	0
7248	363	304	106	0.799	0.382	849.993	3.659	0	321	9	0.588	0.374	843.176	3.780	0
7268	364	330	126	0.798	0.382	848.208	3.626	0	313	48	0.587	0.373	844.749	3.781	0
7288	365	292	60	0.798	0.382	848.208	3.765	0	340	36	0.586	0.373	844.749	3.698	0
7308	366	291	72	0.797	0.381	848.208	3.670	0	315	16	0.585	0.373	844.749	3.654	0
7328	367	293	61	0.796	0.380	848.208	3.710	0	325	52	0.584	0.372	844.749	3.584	0
7348	368	319	90	0.796	0.380	848.208	3.585	0	335	4	0.584	0.372	844.749	3.761	0
7368	369	329	97	0.796	0.379	846.429	3.563	0	342	24	0.584	0.371	840.174	3.707	0
7388	370	289	43	0.795	0.379	846.429	3.781	0	351	27	0.583	0.371	840.174	3.616	0
7408	371	263	55	0.794	0.379	846.429	3.715	0	308	50	0.582	0.370	840.174	3.596	0
7428	372	78	75	0.795	0.378	846.429	3.651	0	152	19	0.584	0.370	840.174	3.658	0
7448	373	34	35	0.795	0.378	846.429	3.689	0	73	32	0.584	0.370	840.174	3.631	0
7468	374	0	54	0.795	0.379	843.126	3.646	0	24	36	0.583	0.370	833.883	3.610	0
7488	375	13	48	0.795	0.379	843.126	3.656	0	79	55	0.582	0.370	833.883	3.736	0
7508	376	34	25	0.795	0.379	843.126	3.585	0	84	30	0.582	0.370	833.883	3.671	0
7528	377	43	17	0.794	0.379	843.126	3.690	0	80	24	0.582	0.371	833.883	3.657	0
7548	378	41	37	0.795	0.379	843.126	3.643	0	68	19	0.582	0.371	833.883	3.677	0
7567	379	42	31	0.795	0.379	839.596	3.618	0	68	10	0.582	0.371	835.911	3.683	0
7587	380	43	51	0.795	0.379	839.596	3.650	0	83	12	0.582	0.370	835.911	3.684	0
7607	381	20	60	0.795	0.379	839.596	3.625	0	81	29	0.582	0.370	835.911	3.600	0
7627	382	56	52	0.796	0.378	839.596	3.574	0	67	10	0.582	0.369	835.911	3.746	0
7647	383	92	116	0.796	0.379	839.596	3.632	0	150	118	0.582	0.370	835.911	3.706	0
7667	384	96	126	0.795	0.380	838.912	3.614	0	161	150	0.582	0.371	827.942	3.667	0
7687	385	265	629	0.795	0.381	838.912	3.679	0	304	641	0.583	0.372	827.942	3.720	0
7707	386	285	674	0.796	0.381	838.912	3.697	0	293	639	0.583	0.372	827.942	3.586	0
7727	387	276	680	0.797	0.381	838.912	3.698	0	284	740	0.583	0.372	827.942	3.866	0
7747	388	281	729	0.798	0.380	838.912	3.725	0	307	735	0.584	0.371	827.942	3.912	0
7767	389	280	753	0.799	0.380	835.122	3.718	0	298	729	0.585	0.371	830.308	3.970	0
7787	390	-1280	-1024	-1.000	-1.000	-1.000	-1.000	4	-1280	-1024	-1.000	-1.000	-1.000	-1.000	4
7807	391	-1280	-1024	0.586	0.369	-1.000	-1.000	4	288	675	0.586	0.369	830.308	4.044	0
7827	392	287	698	0.803	0.378	835.122	3.774	0	285	691	0.588	0.369	830.308	3.882	0
7847	393	294	714	0.805	0.377	835.122	3.826	0	279	659	0.589	0.368	830.308	3.887	0
7867	394	295	718	0.807	0.376	831.271	3.808	0	275	662	0.591	0.366	828.386	3.883	0
7887	395	334	685	0.808	0.375	831.271	3.891	0	304	627	0.593	0.365	828.386	3.866	0
7907	396	283	635	0.809	0.374	831.271	3.771	0	307	621	0.594	0.364	828.386	3.879	0
7926	397	300	681	0.810	0.374	831.271	3.755	0	281	629	0.594	0.363	828.386	3.824	0
7946	398	284	665	0.811	0.373	831.271	3.717	0	287	627	0.595	0.362	828.386	3.790	0
7966	399	285	653	0.812	0.373	829.605	3.687	0	295	632	0.596	0.362	824.076	3.757	0
7986	400	-1280	-1024	-1.000	-1.000	-1.000	-1.000	4	-1280	-1024	-1.000	-1.000	-1.000	-1.000	4
8006	401	-1280	-1024	0.596	0.362	-1.000	-1.000	4	297	645	0.596	0.362	824.076	4.065	0
8026	402	294	639	0.813	0.374	829.605	3.895	0	294	633	0.597	0.363	824.076	3.969	0
8046	403	338	561	0.814	0.373	829.605	3.856	0	337	541	0.598	0.363	824.076	4.092	0
8066	404	339	565	0.815	0.373	826.247	3.841	0	349	505	0.600	0.362	822.251	4.060	0
8086	405	196	163	0.816	0.372	826.247	3.728	0	258	147	0.601	0.361	822.251	3.840	0
8106	406	201	204	0.817	0.373	826.247	3.814	0	209	147	0.601	0.362	822.251	3.749	0
8126	407	140	183	0.818	0.374	826.247	3.764	0	192	111	0.602	0.362	822.251	3.633	0
8146	408	180	154	0.820	0.374	826.247	3.683	0	213	130	0.604	0.362	822.251	3.674	0
8166	409	113	166	0.820	0.374	826.562	3.711	0	132	124	0.605	0.362	818.946	3.596	0
8186	410	188	164	0.821	0.375	826.562	3.764	0	214	150	0.605	0.362	818.946	3.702	0
8206	411	169	164	0.822	0.375	826.562	3.778	0	219	186	0.606	0.361	818.946	3.683	0
8225	412	171	166	0.823	0.375	826.562	3.684	0	218	139	0.607	0.361	818.946	3.669	0
8245	413	177	163	0.823	0.375	826.562	3.738	0	219	144	0.607	0.361	818.946	3.707	0
8265	414	166	162	0.824	0.375	827.360	3.722	0	221	151	0.608	0.361	818.426	3.692	0
8285	415	172	146	0.824	0.375	827.360	3.783	0	208	145	0.608	0.361	818.426	3.630	0
8305	416	165	175	0.824	0.375	827.360	3.704	0	221	127	0.608	0.361	818.426	3.655	0
8325	417	177	179	0.824	0.375	827.360	3.717	0	222	133	0.608	0.361	818.426	3.701	0
8345	418	171	174	0.825	0.375	827.360	3.690	0	217	127	0.608	0.361	818.426	3.615	0
8365	419	173	175	0.824	0.375	827.111	3.688	0	212	120	0.609	0.361	822.420	3.655	0
8385	420	203	147	0.825	0.375	827.111	3.888	0	252	150	0.609	0.361	822.420	3.667	0
8405	421	223	169	0.825	0.375	827.111	3.827	0	269	164	0.609	0.361	822.420	3.708	0
8425	422	244	195	0.826	0.376	827.111	3.702	0	255	134	0.610	0.361	822.420	3.688	0
8445	423	251	195	0.826	0.376	827.111	3.698	0	268	171	0.610	0.361	822.420	3.711	0
8465	424	254	188	0.827	0.376	830.564	3.708	0	267	169	0.611	0.360	820.132	3.696	0
8485	425	220	178	0.827	0.376	830.564	3.839	0	267	155	0.611	0.360	820.132	3.725	0
8505	426	211	151	0.827	0.376	830.564	3.784	0	260	141	0.611	0.360	820.132	3.715	0
8525	427	227	144	0.827	0.376	830.564	3.743	0	256	183	0.611	0.360	820.132	3.745	0
8544	428	224	143	0.827	0.376	830.564	3.728	0	267	175	0.611	0.361	820.132	3.811	0
8564	429	224	149	0.827	0.376	826.966	3.697	0	263	184	0.611	0.361	818.683	3.814	0
8584	430	247	199	0.827	0.376	826.966	3.748	0	259	144	0.611	0.361	818.683	3.748	0
8604	431	206	166	0.827	0.376	826.966	3.822	0	277	160	0.611	0.361	818.683	3.716	0
8624	432	238	151	0.827	0.376	826.966	3.763	0	269	157	0.611	0.361	818.683	3.772	0
8644	433	236	168	0.827	0.376	826.966	3.734	0	272	159	0.610	0.361	818.683	3.710	0
8664	434	232	160	0.827	0.376	828.579	3.762	0	276	161	0.610	0.362	817.118	3.719	0
8684	435	76	169	0.827	0.376	828.579	3.802	0	125	178	0.611	0.362	817.118	3.798	0
8704	436	56	192	0.828	0.377	828.579	3.783	0	85	143	0.612	0.362	817.118	3.812	0
8724	437	45	198	0.827	0.377	828.579	3.719	0	73	157	0.611	0.362	817.118	3.751	0
8744	438	26	181	0.827	0.377	828.579	3.787	0	77	165	0.611	0.362	817.118	3.704	0
8764	439	23	204	0.827	0.377	824.754	3.749	0	82	156	0.611	0.362	814.806	3.678	0
8784	440	48	189	0.827	0.377	824.754	3.670	0	80	181	0.611	0.363	814.806	3.689	0
8804	441	43	170	0.827	0.377	824.754	3.754	0	93	165	0.611	0.363	814.806	3.614	0
8824	442	39	197	0.827	0.377	824.754	3.723	0	87	152	0.610	0.363	814.806	3.751	0
8844	443	50	191	0.826	0.377	824.754	3.680	0	78	150	0.610	0.363	814.806	3.746	0
8863	444	47	187	0.826	0.377	825.586	3.719	0	84	146	0.610	0.362	816.062	3.746	0
8883	445	62	213	0.825	0.377	825.586	3.809	0	80	170	0.609	0.362	816.062	3.660	0
8903	446	34	192	0.825	0.376	825.586	3.754	0	88	168	0.609	0.362	816.062	3.684	0
8923	447	58	186	0.824	0.376	825.586	3.649	0	71	145	0.608	0.362	816.062	3.690	0
8943	448	57	199	0.824	0.376	825.586	3.687	0	85	159	0.608	0.362	816.062	3.698	0
8963	449	58	201	0.823	0.376	823.898	3.622	0	77	147	0.607	0.362	817.656	3.711	0
8983	450	33	188	0.823	0.375	823.898	3.750	0	86	155	0.607	0.362	817.656	3.769	0
9003	451	57	191	0.822	0.375	823.898	3.779	0	74	165	0.606	0.362	817.656	3.691	0
9023	452	33	178	0.822	0.375	823.898	3.703	0	83	141	0.606	0.362	817.656	3.694	0
9043	453	104	181	0.821	0.375	823.898	3.737	0	153	145	0.605	0.362	817.656	3.671	0
9063	454	106	178	0.821	0.375	824.396	3.733	0	158	150	0.604	0.362	815.712	3.656	0
9083	455	119	203	0.820	0.375	824.396	3.807	0	175	159	0.604	0.362	815.712	3.704	0
9103	456	119	186	0.820	0.375	824.396	3.792	0	152	172	0.603	0.362	815.712	3.717	0
9123	457	104	186	0.819	0.375	824.396	3.681	0	158	163	0.603	0.362	815.712	3.749	0
9143	458	119	184	0.819	0.375	824.396	3.793	0	172	185	0.603	0.362	815.712	3.749	0
9162	459	119	190	0.819	0.375	822.051	3.746	0	165	182	0.602	0.362	816.914	3.753	0
9182	460	117	192	0.818	0.374	822.051	3.740	0	169	172	0.602	0.362	816.914	3.767	0
9202	461	123	195	0.818	0.374	822.051	3.710	0	143	151	0.602	0.362	816.914	3.693	0
9222	462	104	195	0.818	0.374	822.051	3.688	0	163	167	0.601	0.362	816.914	3.649	0
9242	463	113	218	0.818	0.374	822.051	3.718	0	165	156	0.601	0.362	816.914	3.734	0
9262	464	111	219	0.817	0.374	822.866	3.716	0	153	153	0.600	0.362	820.503	3.699	0
9282	465	393	371	0.815	0.374	822.866	3.826	0	-1280	-1024	0.815	0.374	-1.000	-1.000	4
9302	466	426	423	0.814	0.375	822.866	3.964	0	-1280	-1024	0.814	0.375	-1.000	-1.000	4
9322	467	431	553	0.814	0.376	822.866	3.920	0	-1280	-1024	0.814	0.376	-1.000	-1.000	4
9342	468	429	637	0.813	0.376	822.866	3.732	0	434	583	0.598	0.364	820.503	3.780	0
9362	469	439	715	0.814	0.376	828.056	3.805	0	436	571	0.598	0.364	829.414	3.821	0
9382	470	422	621	0.814	0.376	828.056	3.726	0	413	535	0.598	0.364	829.414	4.363	0
9402	471	421	595	0.813	0.376	828.056	3.760	0	442	492	0.597	0.365	829.414	4.567	0
9422	472	439	625	0.813	0.376	828.056	3.720	0	440	554	0.597	0.365	829.414	4.219	0
9442	473	432	671	0.813	0.377	828.056	4.044	0	434	612	0.597	0.365	829.414	3.826	0
9462	474	440	669	0.814	0.377	828.521	4.080	0	429	627	0.598	0.365	818.325	3.746	0
9481	475	411	603	0.814	0.377	828.521	3.771	0	444	593	0.598	0.365	818.325	3.651	0
9501	476	438	622	0.813	0.377	828.521	3.771	0	439	629	0.597	0.366	818.325	3.811	0
9521	477	418	637	0.814	0.377	828.521	3.711	0	448	574	0.598	0.366	818.325	3.635	0
9541	478	422	579	0.814	0.378	828.521	3.793	0	399	619	0.598	0.366	818.325	3.726	0
9561	479	422	589	0.814	0.378	830.016	3.787	0	369	590	0.598	0.366	823.910	3.794	0
9581	480	572	669	0.813	0.378	830.016	3.815	0	595	636	0.597	0.366	823.910	3.775	0
9601	481	798	673	0.810	0.378	830.016	3.863	0	832	525	0.594	0.366	823.910	4.105	0
9621	482	989	608	0.808	0.378	830.016	3.780	0	1003	490	0.593	0.366	823.910	4.215	0
9641	483	982	660	0.808	0.378	830.016	3.726	0	960	619	0.593	0.366	823.910	3.606	0
9661	484	970	649	0.809	0.378	830.915	3.726	0	916	555	0.594	0.366	826.531	3.797	0
9681	485	1010	632	0.809	0.378	830.915	4.082	0	978	603	0.593	0.366	826.531	3.671	0
9701	486	978	658	0.810	0.377	830.915	3.767	0	993	590	0.594	0.366	826.531	3.652	0
9721	487	1014	624	0.810	0.377	830.915	3.754	0	997	606	0.594	0.366	826.531	3.677	0
9741	488	1009	632	0.810	0.377	830.915	3.784	0	971	622	0.593	0.366	826.531	3.723	0
9761	489	1004	638	0.808	0.377	829.269	3.778	0	964	621	0.592	0.366	826.459	3.724	0
9781	490	978	642	0.808	0.377	829.269	3.827	0	984	619	0.592	0.366	826.459	3.633	0
9801	491	1002	682	0.808	0.377	829.269	3.748	0	1010	600	0.592	0.366	826.459	3.618	0
9820	492	1024	640	0.808	0.377	829.269	3.648	0	1030	587	0.592	0.366	826.459	3.632	0
9840	493	989	712	0.808	0.377	829.269	3.862	0	998	598	0.591	0.366	826.459	3.588	0
9860	494	1001	709	0.807	0.377	827.276	3.792	0	998	588	0.591	0.366	829.737	3.594	0
9880	495	-1280	-1024	-1.000	-1.000	-1.000	-1.000	4	-1280	-1024	-1.000	-1.000	-1.000	-1.000	4
9900	496	1028	638	0.808	0.376	827.276	3.847	0	-1280	-1024	0.808	0.376	-1.000	-1.000	4
9920	497	992	644	0.808	0.376	827.276	3.662	0	978	604	0.592	0.366	829.737	3.646	0
9940	498	1017	684	0.808	0.376	827.276	3.682	0	1002	591	0.591	0.366	829.737	3.527	0
9960	499	1002	699	0.807	0.376	829.952	3.714	0	1000	597	0.591	0.366	825.017	3.507	0
9980	500	781	638	0.807	0.375	829.952	3.636	0	837	604	0.591	0.365	825.017	3.669	0
10000	501	833	603	0.809	0.375	829.952	3.836	0	796	599	0.593	0.365	825.017	3.690	0
10020	502	-1280	-1024	0.592	0.365	-1.000	-1.000	4	822	549	0.592	0.365	825.017	3.463	0
10040	503	796	589	0.808	0.375	829.952	3.450	0	800	589	0.592	0.365	825.017	3.498	0
10060	504	798	585	0.808	0.375	833.415	3.464	0	808	567	0.592	0.365	826.826	3.541	0
10080	505	-1280	-1024	-1.000	-1.000	-1.000	-1.000	4	-1280	-1024	-1.000	-1.000	-1.000	-1.000	4
